{
 "cells": [
  {
   "cell_type": "markdown",
   "metadata": {},
   "source": [
    "<div dir=\"rtl\" class=\"alert alert-block alert-info\"> <font size=\"5\" face=\"HM XNiloofar\"> \n",
    "<b> روش‌های ریاضی در مهندسی - دکتر امینی: تمرین شبیه‌سازی </b>\n",
    "</font> </div>\n",
    "\n",
    "<div dir=\"rtl\"> <font size=\"4\" face=\"HM XNiloofar\"> \n",
    "<br />\n",
    "مهلت تحویل تمرین: ۶ مرداد ۱۴۰۱ <br />\n",
    "فقط قسمت‌های <code>TODO</code> را پر کنید و  Jupyter Notebook تکمیل شده را به فرمت <code>ipynb</code> و <code>html</code> به عنوان گزارش خود در CW آپلود کنید. <br />\n",
    "ابهامات و سوالات خود در مورد این تمرین را می توانید با طراح تمرین مطرح کنید. <br />\n",
    "<div dir=\"ltr\">@hamidreza_ehteram </div> <br />  \n",
    "در این تمرین شما با روش‌های عددی در تجزیه‌های ماتریسی و یادگیری واژه‌نامه به منظور نویززدایی تصاویر  آشنا می‌شوید. <br />\n",
    "</font> </div>"
   ]
  },
  {
   "cell_type": "markdown",
   "metadata": {},
   "source": [
    "***You can jump directly to these sections:***\n",
    "\n",
    "+ [A. Matrix Decompositions](#A.-Matrix-Decompositions)\n",
    "    + [1. Schur](#1.-Schur)\n",
    "    + [2. SVD](#2.-SVD)\n",
    "    + [3. Cholesky](#3.-Cholesky)\n",
    "    + [4. QR](#4.-QR)\n",
    "+ [B. Dictionary Learning](#B.-Dictionary-Learning)\n",
    "    + [1. Create dataset](#1.-Create-dataset)\n",
    "    + [2. Initialize dictionary](#2.-Initialize-dictionary)    \n",
    "    + [3. Learn dictionary](#3.-Learn-dictionary) \n",
    "    + [4. Reconstruct image](#4.-Reconstruct-image)     \n",
    "    + [5. Evaluation](#5.-Evaluation)     \n",
    "+ [Give Us Feedback](#Give-Us-Feedback)\n",
    "\n",
    "---"
   ]
  },
  {
   "cell_type": "markdown",
   "metadata": {},
   "source": [
    "# A. Matrix Decompositions"
   ]
  },
  {
   "cell_type": "code",
   "execution_count": 1,
   "metadata": {},
   "outputs": [],
   "source": [
    "# The allowed libraries\n",
    "import time\n",
    "import numpy as np"
   ]
  },
  {
   "cell_type": "markdown",
   "metadata": {},
   "source": [
    "## 1. Schur\n",
    "\n",
    "\n",
    "$$A \\in \\mathbb{R}^{n\\times n} \\text{ is a symmetric matrix} \\iff \\exists \\text{ an orthogonal matrix } Q: Q^\\top A Q = \\Lambda = \\text{diag}(\\lambda_1,\\ldots,\\lambda_n)$$"
   ]
  },
  {
   "cell_type": "markdown",
   "metadata": {},
   "source": [
    "<div dir=\"rtl\"> <font size=\"4\" face=\"HM XNiloofar\">\n",
    "الگوریتم jacobi را در حالت  cyclic پیاده‌سازی کنید.\n",
    "</font> </div>\n",
    "\n",
    "```python\n",
    "d, Q = my_schur(A)\n",
    "```\n",
    "\n",
    "<div dir=\"rtl\"> <font size=\"4\" face=\"HM XNiloofar\"> \n",
    "ورودی یک ماتریس متقارن حقیقی دلخواه و خروجی مقادیر ویژه و بردار‌های ویژه متناظر در تجزیه schur است. \n",
    "<br />\n",
    "Cell مربوط به ارزیابی کد را اجرا کنید. خروجی الگوریتم خود را با خروجی تابع numpy مقایسه کنید. درباره‌ی تفاوت‌ها توضیح دهید.\n",
    "<br />\n",
    "Cell تست زمان و صحت را جهت ارزیابی کارایی الگوریتم خود اجرا کنید.\n",
    "</font> </div>"
   ]
  },
  {
   "cell_type": "code",
   "execution_count": 31,
   "metadata": {},
   "outputs": [],
   "source": [
    "def off_diag(A):\n",
    "    off = (np.linalg.norm(A)**2 - np.linalg.norm(np.diag(A))**2)\n",
    "    off = 0 if off < 0 else off\n",
    "    off = off**0.5\n",
    "    return off\n",
    "\n",
    "def my_schur(A):\n",
    "    delta = (np.linalg.norm(A) * (10**-6))\n",
    "    n = A.shape[0]\n",
    "    Q = np.eye(n)\n",
    "    \n",
    "    while off_diag(A) > delta:\n",
    "        for p in range(n):\n",
    "            for q in range(p+1, n):\n",
    "                theta = 0.5*np.arctan(-2*A[p, q]/(A[p, p] - A[q, q]))\n",
    "                J = np.array([[np.cos(theta), np.sin(theta)], [-np.sin(theta), np.cos(theta)]])\n",
    "                A[[p, q], :] = J.T @ A[[p, q], :]\n",
    "                A[:, [p, q]] = A[:, [p, q]] @ J\n",
    "                Q[:, [p, q]] = Q[:, [p, q]] @ J\n",
    "    \n",
    "    d = np.diag(A)\n",
    "    return d, Q"
   ]
  },
  {
   "cell_type": "code",
   "execution_count": 32,
   "metadata": {},
   "outputs": [
    {
     "name": "stdout",
     "output_type": "stream",
     "text": [
      "numpy| orthogonal test error ---> 1.3056237202024115e-14\n",
      "numpy| correctness test error ---> 2.0221772678244754e-14\n",
      "yours| orthogonal test error ---> 1.7194389236796334e-15\n",
      "yours| correctness test error ---> 3.373663846650059e-13\n",
      "A = \n",
      "[[ 0.135 -0.011  0.777 -1.01  -0.677 -0.084 -0.165  1.261]\n",
      " [-0.011 -0.374 -0.455  0.276 -0.294 -1.166 -2.146  0.784]\n",
      " [ 0.777 -0.455 -0.765 -0.509 -0.813  0.007 -0.208  0.056]\n",
      " [-1.01   0.276 -0.509  1.299 -1.092  0.253  0.974 -0.895]\n",
      " [-0.677 -0.294 -0.813 -1.092  0.558 -0.263 -1.299  0.617]\n",
      " [-0.084 -1.166  0.007  0.253 -0.263  1.079  0.74  -0.017]\n",
      " [-0.165 -2.146 -0.208  0.974 -1.299  0.74   0.15  -0.022]\n",
      " [ 1.261  0.784  0.056 -0.895  0.617 -0.017 -0.022  2.178]]\n",
      "d = \n",
      "[ 4.378 -3.091  2.698  1.649  1.117  0.09  -1.313 -1.267]\n",
      "my_d = \n",
      "[-1.267 -3.091 -1.313  4.378  1.649  2.698  0.09   1.117]\n",
      "Q = \n",
      "[[ 0.251 -0.089  0.393 -0.253  0.341  0.082 -0.696 -0.321]\n",
      " [ 0.289 -0.645 -0.359 -0.401 -0.11   0.353 -0.008  0.271]\n",
      " [ 0.033 -0.258  0.199 -0.116  0.422  0.111  0.654 -0.511]\n",
      " [-0.479  0.074 -0.197 -0.455 -0.464  0.076 -0.099 -0.536]\n",
      " [ 0.308 -0.349 -0.217  0.604 -0.31  -0.152 -0.132 -0.485]\n",
      " [-0.265 -0.104  0.43   0.353 -0.225  0.744 -0.022  0.07 ]\n",
      " [-0.413 -0.585  0.417 -0.022 -0.115 -0.513 -0.033  0.187]\n",
      " [ 0.535  0.171  0.481 -0.255 -0.564 -0.107  0.24   0.013]]\n",
      "my_Q = \n",
      "[[ 0.321  0.089 -0.696 -0.251 -0.253  0.393 -0.082 -0.341]\n",
      " [-0.271  0.645 -0.008 -0.289 -0.401 -0.359 -0.353  0.11 ]\n",
      " [ 0.511  0.258  0.654 -0.033 -0.116  0.199 -0.111 -0.422]\n",
      " [ 0.536 -0.074 -0.099  0.479 -0.455 -0.197 -0.076  0.464]\n",
      " [ 0.485  0.349 -0.132 -0.308  0.604 -0.217  0.152  0.31 ]\n",
      " [-0.07   0.104 -0.022  0.265  0.353  0.43  -0.744  0.225]\n",
      " [-0.187  0.585 -0.033  0.413 -0.022  0.417  0.513  0.115]\n",
      " [-0.013 -0.171  0.24  -0.535 -0.255  0.481  0.107  0.564]]\n"
     ]
    }
   ],
   "source": [
    "# evaluate\n",
    "n = 8\n",
    "A = np.random.randn(n,n)\n",
    "A = (A + A.transpose()) / 2\n",
    "\n",
    "# numpy code\n",
    "d, Q = np.linalg.eig(A.copy())\n",
    "print(f'numpy| orthogonal test error ---> {np.linalg.norm(np.eye(n) - Q @ Q.T)}')\n",
    "print(f'numpy| correctness test error ---> {np.linalg.norm(A - Q @ np.diag(d) @ Q.T)}')\n",
    "\n",
    "# your code\n",
    "my_d, my_Q = my_schur(A.copy())\n",
    "print(f'yours| orthogonal test error ---> {np.linalg.norm(np.eye(n) - my_Q @ my_Q.T)}')\n",
    "print(f'yours| correctness test error ---> {np.linalg.norm(A - my_Q @ np.diag(my_d) @ my_Q.T)}')\n",
    "\n",
    "# print\n",
    "print(f'A = \\n{np.around(A, 3)}')\n",
    "print(f'd = \\n{np.around(d, 3)}')\n",
    "print(f'my_d = \\n{np.around(my_d, 3)}')\n",
    "print(f'Q = \\n{np.around(Q, 3)}')\n",
    "print(f'my_Q = \\n{np.around(my_Q, 3)}')"
   ]
  },
  {
   "cell_type": "markdown",
   "metadata": {},
   "source": [
    "**Your answer: ```TODO ```**"
   ]
  },
  {
   "cell_type": "code",
   "execution_count": 34,
   "metadata": {},
   "outputs": [
    {
     "name": "stdout",
     "output_type": "stream",
     "text": [
      "numpy| test ---> {'time': 0.0007381510734558106, 'orthogonal test error': 3.9481083001822717e-14, 'correctness test error': 1.880094168529468e-13}\n",
      "yours| test ---> {'time': 0.25222627878189086, 'orthogonal test error': 1.1535378052931937e-14, 'correctness test error': 4.438387232795453e-06}\n",
      "yours| check ---> {'time': True, 'orthogonal test error': True, 'correctness test error': True}\n"
     ]
    }
   ],
   "source": [
    "# time and correctness test\n",
    "numpy_test = {'time': 0.0, 'orthogonal test error':0.0, 'correctness test error':0.0}\n",
    "yours_test = {'time': 0.0, 'orthogonal test error':0.0, 'correctness test error':0.0}\n",
    "\n",
    "num_test = 100\n",
    "for i in range(num_test):\n",
    "    n = np.random.randint(40, 50)\n",
    "    A = np.random.randn(n,n)\n",
    "    A = (A + A.transpose()) / 2\n",
    "\n",
    "    # numpy code\n",
    "    start_time = time.time()\n",
    "    d, Q = np.linalg.eig(A.copy())\n",
    "    \n",
    "    numpy_test['time'] += time.time() - start_time\n",
    "    numpy_test['orthogonal test error'] += np.linalg.norm(np.eye(n) - Q @ Q.T)\n",
    "    numpy_test['correctness test error'] += np.linalg.norm(A - Q @ np.diag(d) @ Q.T)\n",
    "\n",
    "    # your code\n",
    "    start_time = time.time()\n",
    "    my_d, my_Q = my_schur(A.copy())\n",
    "    \n",
    "    yours_test['time'] += time.time() - start_time\n",
    "    yours_test['orthogonal test error'] += np.linalg.norm(np.eye(n) - my_Q @ my_Q.T)\n",
    "    yours_test['correctness test error'] += np.linalg.norm(A - my_Q @ np.diag(my_d) @ my_Q.T)\n",
    "\n",
    "for name in numpy_test:\n",
    "    numpy_test[name] /= num_test\n",
    "    yours_test[name] /= num_test\n",
    "\n",
    "yours_check = {'time': yours_test['time'] <= 0.5, \n",
    "               'orthogonal test error': yours_test['orthogonal test error'] <= 1e-5, \n",
    "               'correctness test error': yours_test['correctness test error'] <= 1e-5}\n",
    "\n",
    "print(f'numpy| test ---> {numpy_test}')\n",
    "print(f'yours| test ---> {yours_test}')\n",
    "print(f'yours| check ---> {yours_check}')"
   ]
  },
  {
   "cell_type": "markdown",
   "metadata": {},
   "source": [
    "## 2. SVD\n",
    "\n",
    "$$A \\in \\mathbb{R}^{m\\times n} \\text{ is a matrix} \\iff \\exists \\text{ two orthogonal matrices } U \\text{ and } V: U^\\top A V = \\Sigma = \\text{diag}(\\sigma_1,\\ldots,\\sigma_p), p=\\min\\{m,n\\}, \\sigma_1 \\geq \\ldots \\geq \\sigma_p \\geq 0$$"
   ]
  },
  {
   "cell_type": "markdown",
   "metadata": {},
   "source": [
    "<div dir=\"rtl\"> <font size=\"4\" face=\"HM XNiloofar\">\n",
    "الگوریتم two-sided را در حالت  cyclic پیاده‌سازی کنید.\n",
    "</font> </div>\n",
    "\n",
    "```python\n",
    "U, s, VT = my_svd(A)\n",
    "```\n",
    "\n",
    "<div dir=\"rtl\"> <font size=\"4\" face=\"HM XNiloofar\"> \n",
    "ورودی یک ماتریس حقیقی دلخواه و خروجی ماتریس بردارهای تکین چپ، مقادیر تکین و ترانهاده ماتریس بردارهای تکین راست است. \n",
    "<br />\n",
    "<b>ملاحظه.</b> الگوریتم شما باید ماتریس‌های خروجی را به صورتی به دست آورد که مقادیر تکین مثبت و نزولی باشند\n",
    "<br />\n",
    "Cell مربوط به ارزیابی کد را اجرا کنید. خروجی الگوریتم خود را با خروجی تابع numpy مقایسه کنید. درباره‌ی تفاوت‌ها توضیح دهید.\n",
    "<br />\n",
    "Cell تست زمان و صحت را جهت ارزیابی کارایی الگوریتم خود اجرا کنید.\n",
    "</font> </div>"
   ]
  },
  {
   "cell_type": "code",
   "execution_count": 36,
   "metadata": {},
   "outputs": [],
   "source": [
    "def my_svd(A):\n",
    "    m, n = A.shape\n",
    "    is_long = True if m >= n else False\n",
    "    if not is_long:\n",
    "        A = A.T\n",
    "        m, n = n, m\n",
    "    \n",
    "    \n",
    "    delta = np.linalg.norm(A)*(10**-6)\n",
    "    UT = np.eye(m)\n",
    "    V = np.eye(n)\n",
    "    \n",
    "    while off_diag(A) > delta:\n",
    "        for q in range(n):\n",
    "            for p in range(q+1, n):\n",
    "        \n",
    "                theta = np.arctan((A[q, p] - A[p, q])/(A[p, p] + A[q, q]))\n",
    "                J1 = np.array([[np.cos(theta), -np.sin(theta)], [np.sin(theta), np.cos(theta)]])\n",
    "                \n",
    "                A[[q, p], :] = J1 @ A[[q, p], :]\n",
    "                UT[[q, p], :] = J1 @ UT[[q, p], :]\n",
    "                \n",
    "                alpha = 0.5*np.arctan(-2*A[q, p]/(A[q, q] - A[p, p]))\n",
    "                J2 = np.array([[np.cos(alpha), np.sin(alpha)], [-np.sin(alpha), np.cos(alpha)]])\n",
    "                A[[q, p], :] = J2.T @ A[[q, p], :]\n",
    "                A[:, [q, p]] = A[:, [q, p]] @ J2\n",
    "                \n",
    "                UT[[q, p], :] = J2.T @ UT[[q, p], :]\n",
    "                V[:, [q, p]] = V[:, [q, p]] @ J2\n",
    "                \n",
    "                \n",
    "            for p in range(n, m):\n",
    "                theta = np.arctan(-A[p, q]/A[q, q])\n",
    "                J3 = np.array([[np.cos(theta), -np.sin(theta)], [np.sin(theta), np.cos(theta)]])\n",
    "                A[[q, p], :] = J3 @ A[[q, p], :]\n",
    "                UT[[q, p], :] = J3 @ UT[[q, p], :]\n",
    "    \n",
    "    U = UT.T\n",
    "    VT = V.T                \n",
    "    for i in range(n):\n",
    "        if A[i, i] < 0:\n",
    "            A[i, i] = -A[i, i]\n",
    "            VT[i, :] = -VT[i, :]\n",
    "    \n",
    "    s = np.diag(A) \n",
    "        \n",
    "    U_temp = U.copy()\n",
    "    s_temp = s.copy()\n",
    "    VT_temp = VT.copy()\n",
    "    \n",
    "    lis = []\n",
    "    for i in range(n):\n",
    "        lis.append([s[i], i])\n",
    "    lis.sort(reverse = True,key = lambda x: x[0])\n",
    "    \n",
    "    for i in range(n):\n",
    "        U[:, i] = U_temp[:, lis[i][1]]\n",
    "        VT[i, :] = VT_temp[lis[i][1], :]\n",
    "        \n",
    "    s.setflags(write=True)\n",
    "    s[::-1].sort()\n",
    "    \n",
    "    if not is_long:\n",
    "        U = V\n",
    "        VT = UT\n",
    "        s = s.T\n",
    "    \n",
    "    \n",
    "    return U, s, VT"
   ]
  },
  {
   "cell_type": "code",
   "execution_count": 37,
   "metadata": {},
   "outputs": [
    {
     "name": "stdout",
     "output_type": "stream",
     "text": [
      "numpy| orthogonal test error ---> 4.296132665408577e-15\n",
      "numpy| correctness test error ---> 8.679866378323894e-15\n",
      "yours| orthogonal test error ---> 4.093482851439193e-15\n",
      "yours| correctness test error ---> 1.5372421140911622e-08\n",
      "A = \n",
      "[[-1.047  1.126 -0.782 -1.21  -0.942 -0.779]\n",
      " [-0.378  1.13  -1.022  0.673 -0.586 -0.083]\n",
      " [ 0.029 -1.558 -1.639  0.465  0.039 -0.186]\n",
      " [ 0.028 -0.603  1.136  0.87  -0.269  0.9  ]\n",
      " [ 0.479  0.679 -1.066  0.853  0.902 -1.388]\n",
      " [ 2.212  0.325 -1.344 -0.65   0.332  0.186]\n",
      " [ 0.673  0.166 -1.395 -0.451  1.147  1.899]\n",
      " [ 0.798  0.791 -1.022 -2.407  1.027  1.763]]\n",
      "U = \n",
      "[[ 0.029  0.475 -0.587  0.288 -0.12   0.143  0.489  0.27 ]\n",
      " [ 0.002  0.386 -0.065  0.119  0.674  0.419 -0.447 -0.056]\n",
      " [ 0.054  0.173  0.527  0.741 -0.285  0.029 -0.155  0.184]\n",
      " [-0.169 -0.452  0.128 -0.026  0.27   0.309  0.186  0.74 ]\n",
      " [ 0.021  0.548  0.344 -0.371  0.174 -0.502  0.068  0.396]\n",
      " [ 0.455  0.193  0.302 -0.4   -0.309  0.623  0.141 -0.028]\n",
      " [ 0.519 -0.163  0.192  0.234  0.495 -0.156  0.528 -0.254]\n",
      " [ 0.701 -0.164 -0.334  0.022 -0.081 -0.209 -0.446  0.347]]\n",
      "my_U = \n",
      "[[-0.029  0.475 -0.587  0.288  0.12   0.143  0.507 -0.235]\n",
      " [-0.002  0.386 -0.065  0.119 -0.674  0.419 -0.31   0.328]\n",
      " [-0.054  0.173  0.527  0.741  0.285  0.029  0.057  0.234]\n",
      " [ 0.169 -0.452  0.128 -0.026 -0.27   0.309  0.707  0.287]\n",
      " [-0.021  0.548  0.344 -0.371 -0.174 -0.502  0.36   0.18 ]\n",
      " [-0.455  0.193  0.302 -0.4    0.309  0.623  0.061 -0.13 ]\n",
      " [-0.519 -0.163  0.192  0.234 -0.495 -0.156  0.107 -0.576]\n",
      " [-0.701 -0.164 -0.334  0.022  0.081 -0.209  0.016  0.565]]\n",
      "s = \n",
      "[4.706 3.239 3.02  2.009 1.705 1.282]\n",
      "my_s = \n",
      "[4.706 3.239 3.02  2.009 1.705 1.282]\n",
      "VT = \n",
      "[[ 0.402  0.182 -0.506 -0.5    0.32   0.444]\n",
      " [-0.062  0.386 -0.621  0.056 -0.106 -0.669]\n",
      " [ 0.448 -0.507 -0.295  0.608  0.286 -0.055]\n",
      " [-0.604 -0.501 -0.501 -0.08  -0.24   0.263]\n",
      " [-0.27   0.553 -0.116  0.6    0.102  0.487]\n",
      " [ 0.443  0.056 -0.084  0.103 -0.859  0.214]]\n",
      "my_VT = \n",
      "[[-0.402 -0.182  0.506  0.5   -0.32  -0.444]\n",
      " [-0.062  0.386 -0.621  0.056 -0.106 -0.669]\n",
      " [ 0.448 -0.507 -0.295  0.608  0.286 -0.055]\n",
      " [-0.604 -0.501 -0.501 -0.08  -0.24   0.263]\n",
      " [ 0.27  -0.553  0.116 -0.6   -0.102 -0.487]\n",
      " [ 0.443  0.056 -0.084  0.103 -0.859  0.214]]\n"
     ]
    }
   ],
   "source": [
    "# evaluate\n",
    "m, n = 8, 6\n",
    "A = np.random.randn(m,n)\n",
    "\n",
    "# numpy code\n",
    "U, s, VT = np.linalg.svd(A.copy())\n",
    "S = np.zeros((m,n)); S[[range(min(m,n))],[range(min(m,n))]] = s\n",
    "print(f'numpy| orthogonal test error ---> {np.linalg.norm(np.eye(m) - U @ U.T) + np.linalg.norm(np.eye(n) - VT @ VT.T)}')\n",
    "print(f'numpy| correctness test error ---> {np.linalg.norm(A - U @ S @ VT)}')\n",
    "\n",
    "# your code\n",
    "my_U, my_s, my_VT  = my_svd(A.copy())\n",
    "my_S = np.zeros((m,n)); my_S[[range(min(m,n))],[range(min(m,n))]] = my_s\n",
    "print(f'yours| orthogonal test error ---> {np.linalg.norm(np.eye(m) - my_U @ my_U.T) + np.linalg.norm(np.eye(n) - my_VT @ my_VT.T)}')\n",
    "print(f'yours| correctness test error ---> {np.linalg.norm(A - my_U @ my_S @ my_VT)}')\n",
    "\n",
    "# print\n",
    "print(f'A = \\n{np.around(A, 3)}')\n",
    "print(f'U = \\n{np.around(U, 3)}')\n",
    "print(f'my_U = \\n{np.around(my_U, 3)}')\n",
    "print(f's = \\n{np.around(s, 3)}')\n",
    "print(f'my_s = \\n{np.around(my_s, 3)}')\n",
    "print(f'VT = \\n{np.around(VT, 3)}')\n",
    "print(f'my_VT = \\n{np.around(my_VT, 3)}')"
   ]
  },
  {
   "cell_type": "markdown",
   "metadata": {},
   "source": [
    "**Your answer: ```TODO ```**"
   ]
  },
  {
   "cell_type": "code",
   "execution_count": 38,
   "metadata": {},
   "outputs": [
    {
     "name": "stdout",
     "output_type": "stream",
     "text": [
      "numpy| test ---> {'time': 0.00349686861038208, 'orthogonal test error': 2.063122934261707e-14, 'correctness test error': 9.691422615328288e-14}\n",
      "yours| test ---> {'time': 0.47745242834091184, 'orthogonal test error': 2.89450574457577e-14, 'correctness test error': 1.8056553491407545e-06}\n",
      "yours| check ---> {'time': True, 'orthogonal test error': True, 'correctness test error': True}\n"
     ]
    }
   ],
   "source": [
    "# time and correctness test\n",
    "numpy_test = {'time': 0.0, 'orthogonal test error':0.0, 'correctness test error':0.0}\n",
    "yours_test = {'time': 0.0, 'orthogonal test error':0.0, 'correctness test error':0.0}\n",
    "\n",
    "num_test = 100\n",
    "for i in range(num_test):\n",
    "    m, n = np.random.randint(40, 50), np.random.randint(40, 50)\n",
    "    A = np.random.randn(m,n)\n",
    "\n",
    "    # numpy code\n",
    "    start_time = time.time()\n",
    "    U, s, VT = np.linalg.svd(A.copy())\n",
    "    S = np.zeros((m,n)); S[[range(min(m,n))],[range(min(m,n))]] = s\n",
    "    \n",
    "    numpy_test['time'] += time.time() - start_time\n",
    "    numpy_test['orthogonal test error'] += np.linalg.norm(np.eye(m) - U @ U.T) + np.linalg.norm(np.eye(n) - VT @ VT.T)\n",
    "    numpy_test['correctness test error'] += np.linalg.norm(A - U @ S @ VT)\n",
    "\n",
    "    # your code\n",
    "    start_time = time.time()\n",
    "    my_U, my_s, my_VT  = my_svd(A.copy())\n",
    "    my_S = np.zeros((m,n)); my_S[[range(min(m,n))],[range(min(m,n))]] = my_s\n",
    "    \n",
    "    yours_test['time'] += time.time() - start_time\n",
    "    yours_test['orthogonal test error'] += np.linalg.norm(np.eye(m) - my_U @ my_U.T) + np.linalg.norm(np.eye(n) - my_VT @ my_VT.T)\n",
    "    yours_test['correctness test error'] += np.linalg.norm(A - my_U @ my_S @ my_VT)\n",
    "\n",
    "for name in numpy_test:\n",
    "    numpy_test[name] /= num_test\n",
    "    yours_test[name] /= num_test\n",
    "\n",
    "yours_check = {'time': yours_test['time'] <= 1.0, \n",
    "               'orthogonal test error': yours_test['orthogonal test error'] <= 1e-5, \n",
    "               'correctness test error': yours_test['correctness test error'] <= 1e-5}\n",
    "\n",
    "print(f'numpy| test ---> {numpy_test}')\n",
    "print(f'yours| test ---> {yours_test}')\n",
    "print(f'yours| check ---> {yours_check}')"
   ]
  },
  {
   "cell_type": "markdown",
   "metadata": {},
   "source": [
    "## 3. Cholesky\n",
    "\n",
    "$$A \\in \\mathbb{R}^{n\\times n} \\text{ is a symmetric positive definite matrix} \\iff \\exists \\text{ a lower-triangular matrix } G: A = G G^\\top$$"
   ]
  },
  {
   "cell_type": "markdown",
   "metadata": {},
   "source": [
    "<div dir=\"rtl\"> <font size=\"4\" face=\"HM XNiloofar\">\n",
    "به کمک تبدیل‌های گوسی الگوریتم عددی برای محاسبه تجزیه Cholesky  پیاده‌سازی کنید.\n",
    "</font> </div>\n",
    "\n",
    "```python\n",
    "G = my_cholesky(A)\n",
    "```\n",
    "\n",
    "<div dir=\"rtl\"> <font size=\"4\" face=\"HM XNiloofar\"> \n",
    " ورودی یک ماتریس متقارن مثبت معین دلخواه و خروجی فاکتور Cholesky   است. \n",
    "<br />\n",
    "Cell مربوط به ارزیابی کد را اجرا کنید. خروجی الگوریتم خود را با خروجی تابع numpy مقایسه کنید. درباره‌ی تفاوت‌ها توضیح دهید.\n",
    "<br />\n",
    "Cell تست زمان و صحت را جهت ارزیابی کارایی الگوریتم خود اجرا کنید.\n",
    "</font> </div>"
   ]
  },
  {
   "cell_type": "code",
   "execution_count": 40,
   "metadata": {},
   "outputs": [],
   "source": [
    "def my_cholesky(A):\n",
    "    n = A.shape[0]\n",
    "    L = np.eye(n)\n",
    "\n",
    "    for k in range(n-1):\n",
    "        tk = np.zeros((n, 1))\n",
    "        ek = np.zeros((n, 1))\n",
    "        tk[k+1:n, 0] = A[k+1:n, k]/A[k, k]\n",
    "        ek[k, 0] = 1\n",
    "        A[k+1:n, :] = A[k+1:n, :] - tk[k+1:n, [0]] @ A[[k], :]\n",
    "        L[:, [k]] = L @ (ek + tk)\n",
    "    \n",
    "    G = L\n",
    "    for i in range(n):\n",
    "        G[:, i] = G[:, i]*np.sqrt(A[i, i])\n",
    "    \n",
    "    return G"
   ]
  },
  {
   "cell_type": "code",
   "execution_count": 41,
   "metadata": {},
   "outputs": [
    {
     "name": "stdout",
     "output_type": "stream",
     "text": [
      "numpy| lower-triangular test error ---> 0.0\n",
      "numpy| correctness test error ---> 1.37265633457273e-15\n",
      "yours| lower-triangular test error ---> 0.0\n",
      "yours| correctness test error ---> 3.3777876978568432e-15\n",
      "A = \n",
      "[[ 3.289  1.225 -1.982  1.521  2.283 -1.669  0.91  -0.281]\n",
      " [ 1.225  4.281 -0.447  2.176 -1.248  0.418  0.058 -1.057]\n",
      " [-1.982 -0.447  2.256  0.157 -2.42   1.357 -1.111  0.856]\n",
      " [ 1.521  2.176  0.157  2.723 -0.335 -0.61  -0.179  0.11 ]\n",
      " [ 2.283 -1.248 -2.42  -0.335  4.246 -2.285  1.1   -0.632]\n",
      " [-1.669  0.418  1.357 -0.61  -2.285  4.398 -1.142 -0.77 ]\n",
      " [ 0.91   0.058 -1.111 -0.179  1.1   -1.142  1.141  0.274]\n",
      " [-0.281 -1.057  0.856  0.11  -0.632 -0.77   0.274  1.854]]\n",
      "G = \n",
      "[[ 1.814  0.     0.     0.     0.     0.     0.     0.   ]\n",
      " [ 0.676  1.956  0.     0.     0.     0.     0.     0.   ]\n",
      " [-1.093  0.149  1.019  0.     0.     0.     0.     0.   ]\n",
      " [ 0.839  0.823  0.934  0.686  0.     0.     0.     0.   ]\n",
      " [ 1.259 -1.073 -0.868  0.44   0.751  0.     0.     0.   ]\n",
      " [-0.92   0.532  0.267 -0.764  0.016  1.616  0.     0.   ]\n",
      " [ 0.502 -0.144 -0.531  0.02  -0.207 -0.274  0.684  0.   ]\n",
      " [-0.155 -0.487  0.745 -0.08  -0.369 -0.561  0.656  0.387]]\n",
      "my_G = \n",
      "[[ 1.814  0.     0.     0.     0.     0.     0.     0.   ]\n",
      " [ 0.676  1.956  0.     0.     0.     0.     0.     0.   ]\n",
      " [-1.093  0.149  1.019  0.     0.     0.     0.     0.   ]\n",
      " [ 0.839  0.823  0.934  0.686  0.     0.     0.     0.   ]\n",
      " [ 1.259 -1.073 -0.868  0.44   0.751  0.     0.     0.   ]\n",
      " [-0.92   0.532  0.267 -0.764  0.016  1.616  0.     0.   ]\n",
      " [ 0.502 -0.144 -0.531  0.02  -0.207 -0.274  0.684  0.   ]\n",
      " [-0.155 -0.487  0.745 -0.08  -0.369 -0.561  0.656  0.387]]\n"
     ]
    }
   ],
   "source": [
    "# evaluate\n",
    "n = 8\n",
    "A = np.random.randn(n,n)\n",
    "A = A @ np.diag(np.random.rand(n)) @ A.T\n",
    "\n",
    "# numpy code\n",
    "G = np.linalg.cholesky(A.copy())\n",
    "print(f'numpy| lower-triangular test error ---> {np.linalg.norm(np.triu(G,1))}')\n",
    "print(f'numpy| correctness test error ---> {np.linalg.norm(A - G @ G.T)}')\n",
    "\n",
    "# your code\n",
    "my_G = my_cholesky(A.copy())\n",
    "print(f'yours| lower-triangular test error ---> {np.linalg.norm(np.triu(my_G,1))}')\n",
    "print(f'yours| correctness test error ---> {np.linalg.norm(A - my_G @ my_G.T)}')\n",
    "\n",
    "# print\n",
    "print(f'A = \\n{np.around(A, 3)}')\n",
    "print(f'G = \\n{np.around(G, 3)}')\n",
    "print(f'my_G = \\n{np.around(my_G, 3)}')"
   ]
  },
  {
   "cell_type": "markdown",
   "metadata": {},
   "source": [
    "**Your answer: ```TODO ```**"
   ]
  },
  {
   "cell_type": "code",
   "execution_count": 42,
   "metadata": {},
   "outputs": [
    {
     "name": "stdout",
     "output_type": "stream",
     "text": [
      "numpy| test ---> {'time': 3.986835479736328e-05, 'lower-triangular test error': 0.0, 'correctness test error': 3.615574696362692e-14}\n",
      "yours| test ---> {'time': 0.0013063931465148925, 'lower-triangular test error': 0.0, 'correctness test error': 9.534947400021345e-14}\n",
      "yours| check ---> {'time': True, 'lower-triangular test error': True, 'correctness test error': True}\n"
     ]
    }
   ],
   "source": [
    "# time and correctness test\n",
    "numpy_test = {'time': 0.0, 'lower-triangular test error':0.0, 'correctness test error':0.0}\n",
    "yours_test = {'time': 0.0, 'lower-triangular test error':0.0, 'correctness test error':0.0}\n",
    "\n",
    "num_test = 100\n",
    "for i in range(num_test):\n",
    "    n = np.random.randint(40, 50)\n",
    "    A = np.random.randn(n,n)\n",
    "    A = A @ np.diag(np.random.rand(n)) @ A.T\n",
    "\n",
    "    # numpy code\n",
    "    start_time = time.time()\n",
    "    G = np.linalg.cholesky(A.copy())\n",
    "    \n",
    "    numpy_test['time'] += time.time() - start_time\n",
    "    numpy_test['lower-triangular test error'] += np.linalg.norm(np.triu(G,1))\n",
    "    numpy_test['correctness test error'] += np.linalg.norm(A - G @ G.T)\n",
    "\n",
    "    # your code\n",
    "    start_time = time.time()\n",
    "    my_G = my_cholesky(A.copy())\n",
    "    \n",
    "    yours_test['time'] += time.time() - start_time\n",
    "    yours_test['lower-triangular test error'] += np.linalg.norm(np.triu(my_G,1))\n",
    "    yours_test['correctness test error'] += np.linalg.norm(A - my_G @ my_G.T)\n",
    "\n",
    "for name in numpy_test:\n",
    "    numpy_test[name] /= num_test\n",
    "    yours_test[name] /= num_test\n",
    "\n",
    "yours_check = {'time': yours_test['time'] <= 0.01, \n",
    "               'lower-triangular test error': yours_test['lower-triangular test error'] <= 1e-5, \n",
    "               'correctness test error': yours_test['correctness test error'] <= 1e-5}\n",
    "\n",
    "print(f'numpy| test ---> {numpy_test}')\n",
    "print(f'yours| test ---> {yours_test}')\n",
    "print(f'yours| check ---> {yours_check}')"
   ]
  },
  {
   "cell_type": "markdown",
   "metadata": {},
   "source": [
    "## 4. QR\n",
    "\n",
    "$$A \\in \\mathbb{R}^{m\\times n} \\text{ is a matrix} \\iff \\exists \\text{ an orthogonal matrix } Q \\text{ and an upper-triangular matrix } R: A = QR$$"
   ]
  },
  {
   "cell_type": "markdown",
   "metadata": {},
   "source": [
    "<div dir=\"rtl\"> <font size=\"4\" face=\"HM XNiloofar\">\n",
    "به کمک تبدیل‌های householder الگوریتم عددی برای محاسبه تجزیه QR  پیاده‌سازی کنید.\n",
    "</font> </div>\n",
    "\n",
    "```python\n",
    "Q, R = my_qr(A)\n",
    "```\n",
    "\n",
    "<div dir=\"rtl\"> <font size=\"4\" face=\"HM XNiloofar\"> \n",
    " ورودی یک ماتریس دلخواه و خروجی ماتریس مربعی متعامد و ماتریس بالا مثلثی در تجزیه QR   است. \n",
    "<br />\n",
    "Cell مربوط به ارزیابی کد را اجرا کنید. خروجی الگوریتم خود را با خروجی تابع numpy مقایسه کنید. درباره‌ی تفاوت‌ها توضیح دهید.\n",
    "<br />\n",
    "Cell تست زمان و صحت را جهت ارزیابی کارایی الگوریتم خود اجرا کنید.\n",
    "</font> </div>"
   ]
  },
  {
   "cell_type": "code",
   "execution_count": 43,
   "metadata": {},
   "outputs": [],
   "source": [
    "def my_qr(A):\n",
    "    \n",
    "    m, n = A.shape\n",
    "    QT = np.eye(m, m)\n",
    "    \n",
    "    for k in range(np.min([m, n])):\n",
    "        Uk = A[k:, [k]]\n",
    "        ek = np.zeros((m-k, 1))\n",
    "        ek[0, 0] = 1\n",
    "        \n",
    "        vk = np.zeros((m, 1))\n",
    "        vk[k:, [0]] = Uk + np.sign(A[k, k])*np.linalg.norm(Uk)*ek\n",
    "        A = A - (2/np.linalg.norm(vk)**2*vk) @ (vk.T @ A)\n",
    "        QT = QT - (2/np.linalg.norm(vk)**2*vk) @ (vk.T @ QT)\n",
    "    \n",
    "    R = A\n",
    "    Q = QT.T\n",
    "    \n",
    "    return Q, R"
   ]
  },
  {
   "cell_type": "code",
   "execution_count": 44,
   "metadata": {},
   "outputs": [
    {
     "name": "stdout",
     "output_type": "stream",
     "text": [
      "numpy| upper-triangular and  orthogonal test error ---> 1.2392543301953478e-15\n",
      "numpy| correctness test error ---> 2.8684081500750044e-15\n",
      "yours| upper-triangular and  orthogonal test error ---> 1.9530546671123455e-15\n",
      "yours| correctness test error ---> 4.2468524992284754e-15\n",
      "A = \n",
      "[[-0.829 -0.149  1.672  0.585 -0.103 -1.161]\n",
      " [ 0.851 -1.226  0.731 -0.731  1.28  -1.49 ]\n",
      " [ 0.022  2.888 -0.697  2.154 -0.119 -1.811]\n",
      " [-0.053 -0.462 -1.345  0.162 -0.784  0.472]\n",
      " [-1.125 -0.639  0.409 -0.364  0.525 -0.83 ]\n",
      " [ 1.176 -0.81   1.099  0.25   0.359  0.924]\n",
      " [ 0.136  0.846  0.301  0.898  0.944 -1.676]\n",
      " [ 0.205  1.49   0.796 -0.642  2.332  2.856]]\n",
      "Q = \n",
      "[[-0.408 -0.075 -0.625 -0.373  0.184 -0.054  0.002  0.512]\n",
      " [ 0.419 -0.292 -0.181  0.056 -0.462  0.532 -0.307  0.334]\n",
      " [ 0.011  0.773  0.09  -0.394 -0.094  0.146 -0.457 -0.005]\n",
      " [-0.026 -0.126  0.522 -0.17  -0.336 -0.523 -0.068  0.54 ]\n",
      " [-0.554 -0.218 -0.137  0.03  -0.533 -0.13  -0.363 -0.439]\n",
      " [ 0.579 -0.168 -0.334 -0.363  0.036 -0.514 -0.192 -0.302]\n",
      " [ 0.067  0.232 -0.157 -0.266 -0.561  0.038  0.721 -0.095]\n",
      " [ 0.101  0.407 -0.376  0.686 -0.175 -0.37  -0.058  0.204]]\n",
      "my_Q = \n",
      "[[-0.408 -0.075 -0.625 -0.373  0.184 -0.054  0.002  0.512]\n",
      " [ 0.419 -0.292 -0.181  0.056 -0.462  0.532 -0.307  0.334]\n",
      " [ 0.011  0.773  0.09  -0.394 -0.094  0.146 -0.457 -0.005]\n",
      " [-0.026 -0.126  0.522 -0.17  -0.336 -0.523 -0.068  0.54 ]\n",
      " [-0.554 -0.218 -0.137  0.03  -0.533 -0.13  -0.363 -0.439]\n",
      " [ 0.579 -0.168 -0.334 -0.363  0.036 -0.514 -0.192 -0.302]\n",
      " [ 0.067  0.232 -0.157 -0.266 -0.561  0.038  0.721 -0.095]\n",
      " [ 0.101  0.407 -0.376  0.686 -0.175 -0.37  -0.058  0.204]]\n",
      "R = \n",
      "[[ 2.03  -0.318  0.162 -0.184  0.813  0.988]\n",
      " [ 0.     3.738 -0.588  1.8    0.634 -0.138]\n",
      " [ 0.     0.    -2.711  0.111 -1.804  0.074]\n",
      " [ 0.     0.     0.    -1.915  1.523  3.027]\n",
      " [ 0.     0.     0.     0.    -1.54   1.404]\n",
      " [ 0.     0.     0.     0.     0.    -2.729]\n",
      " [ 0.     0.     0.     0.     0.     0.   ]\n",
      " [ 0.     0.     0.     0.     0.     0.   ]]\n",
      "my_R = \n",
      "[[ 2.03  -0.318  0.162 -0.184  0.813  0.988]\n",
      " [ 0.     3.738 -0.588  1.8    0.634 -0.138]\n",
      " [ 0.     0.    -2.711  0.111 -1.804  0.074]\n",
      " [ 0.     0.    -0.    -1.915  1.523  3.027]\n",
      " [-0.    -0.    -0.     0.    -1.54   1.404]\n",
      " [ 0.     0.    -0.     0.    -0.    -2.729]\n",
      " [-0.     0.    -0.     0.    -0.     0.   ]\n",
      " [-0.     0.     0.    -0.    -0.    -0.   ]]\n"
     ]
    }
   ],
   "source": [
    "# evaluate\n",
    "m ,n = 8, 6\n",
    "A = np.random.randn(m,n)\n",
    "\n",
    "# numpy code\n",
    "Q, R = np.linalg.qr(A.copy(), mode='complete')\n",
    "print(f'numpy| upper-triangular and  orthogonal test error ---> {np.linalg.norm(np.tril(R,-1)) + np.linalg.norm(np.eye(m) - Q @ Q.T)}')\n",
    "print(f'numpy| correctness test error ---> {np.linalg.norm(A - Q @ R)}')\n",
    "\n",
    "# your code\n",
    "my_Q, my_R = my_qr(A.copy())\n",
    "print(f'yours| upper-triangular and  orthogonal test error ---> {np.linalg.norm(np.tril(my_R,-1)) + np.linalg.norm(np.eye(m) - my_Q @ my_Q.T)}')\n",
    "print(f'yours| correctness test error ---> {np.linalg.norm(A - my_Q @ my_R)}')\n",
    "\n",
    "# print\n",
    "print(f'A = \\n{np.around(A, 3)}')\n",
    "print(f'Q = \\n{np.around(Q, 3)}')\n",
    "print(f'my_Q = \\n{np.around(my_Q, 3)}')\n",
    "print(f'R = \\n{np.around(R, 3)}')\n",
    "print(f'my_R = \\n{np.around(my_R, 3)}')"
   ]
  },
  {
   "cell_type": "markdown",
   "metadata": {},
   "source": [
    "**Your answer: ```TODO ```**"
   ]
  },
  {
   "cell_type": "code",
   "execution_count": 45,
   "metadata": {},
   "outputs": [
    {
     "name": "stdout",
     "output_type": "stream",
     "text": [
      "numpy| test ---> {'time': 0.00019904136657714845, 'upper-triangular and  orthogonal test error': 4.2451889879058126e-15, 'correctness test error': 2.2640768197678886e-14}\n",
      "yours| test ---> {'time': 0.0030422544479370116, 'upper-triangular and  orthogonal test error': 1.3468872070352747e-14, 'correctness test error': 3.648567078950032e-14}\n",
      "yours| check ---> {'time': True, 'upper-triangular and  orthogonal test error': True, 'correctness test error': True}\n"
     ]
    }
   ],
   "source": [
    "# time and correctness test\n",
    "numpy_test = {'time': 0.0, 'upper-triangular and  orthogonal test error':0.0, 'correctness test error':0.0}\n",
    "yours_test = {'time': 0.0, 'upper-triangular and  orthogonal test error':0.0, 'correctness test error':0.0}\n",
    "\n",
    "num_test = 100\n",
    "for i in range(num_test):\n",
    "    m, n = np.random.randint(40, 50), np.random.randint(40, 50)\n",
    "    A = np.random.randn(m,n)\n",
    "\n",
    "    # numpy code\n",
    "    start_time = time.time()\n",
    "    Q, R = np.linalg.qr(A.copy(), mode='complete')\n",
    "    \n",
    "    numpy_test['time'] += time.time() - start_time\n",
    "    numpy_test['upper-triangular and  orthogonal test error'] += np.linalg.norm(np.tril(R,-1)) + np.linalg.norm(np.eye(m) - Q @ Q.T)\n",
    "    numpy_test['correctness test error'] += np.linalg.norm(A - Q @ R)\n",
    "\n",
    "    # your code\n",
    "    start_time = time.time()\n",
    "    my_Q, my_R = my_qr(A.copy())\n",
    "    \n",
    "    yours_test['time'] += time.time() - start_time\n",
    "    yours_test['upper-triangular and  orthogonal test error'] += np.linalg.norm(np.tril(my_R,-1)) + np.linalg.norm(np.eye(m) - my_Q @ my_Q.T)\n",
    "    yours_test['correctness test error'] += np.linalg.norm(A - my_Q @ my_R)\n",
    "\n",
    "for name in numpy_test:\n",
    "    numpy_test[name] /= num_test\n",
    "    yours_test[name] /= num_test\n",
    "\n",
    "yours_check = {'time': yours_test['time'] <= 0.01, \n",
    "               'upper-triangular and  orthogonal test error': yours_test['upper-triangular and  orthogonal test error'] <= 1e-5, \n",
    "               'correctness test error': yours_test['correctness test error'] <= 1e-5}\n",
    "\n",
    "print(f'numpy| test ---> {numpy_test}')\n",
    "print(f'yours| test ---> {yours_test}')\n",
    "print(f'yours| check ---> {yours_check}')"
   ]
  },
  {
   "cell_type": "markdown",
   "metadata": {},
   "source": [
    "---"
   ]
  },
  {
   "cell_type": "markdown",
   "metadata": {},
   "source": [
    "# B. Dictionary Learning"
   ]
  },
  {
   "cell_type": "code",
   "execution_count": 48,
   "metadata": {},
   "outputs": [
    {
     "ename": "ModuleNotFoundError",
     "evalue": "No module named 'imageio'",
     "output_type": "error",
     "traceback": [
      "\u001b[1;31m---------------------------------------------------------------------------\u001b[0m",
      "\u001b[1;31mModuleNotFoundError\u001b[0m                       Traceback (most recent call last)",
      "\u001b[1;32m<ipython-input-48-21a3049aa268>\u001b[0m in \u001b[0;36m<module>\u001b[1;34m\u001b[0m\n\u001b[0;32m      3\u001b[0m \u001b[1;32mimport\u001b[0m \u001b[0mnumpy\u001b[0m \u001b[1;32mas\u001b[0m \u001b[0mnp\u001b[0m\u001b[1;33m\u001b[0m\u001b[0m\n\u001b[0;32m      4\u001b[0m \u001b[1;32mimport\u001b[0m \u001b[0mmatplotlib\u001b[0m\u001b[1;33m.\u001b[0m\u001b[0mpyplot\u001b[0m \u001b[1;32mas\u001b[0m \u001b[0mplt\u001b[0m\u001b[1;33m\u001b[0m\u001b[0m\n\u001b[1;32m----> 5\u001b[1;33m \u001b[1;32mimport\u001b[0m \u001b[0mimageio\u001b[0m\u001b[1;33m\u001b[0m\u001b[0m\n\u001b[0m",
      "\u001b[1;31mModuleNotFoundError\u001b[0m: No module named 'imageio'"
     ]
    }
   ],
   "source": [
    "# The allowed libraries\n",
    "from sklearn.feature_extraction.image import extract_patches_2d\n",
    "import numpy as np\n",
    "import matplotlib.pyplot as plt\n",
    "import imageio"
   ]
  },
  {
   "cell_type": "code",
   "execution_count": null,
   "metadata": {},
   "outputs": [],
   "source": [
    "'''\n",
    "Download the necessary files from Google Drive via gdown library (source: https://pypi.org/project/gdown/) \n",
    "\n",
    "Do the following steps:\n",
    "\n",
    "1) Install gdown (if you are using Google Colab, skip this step). \n",
    "In jupyter notebook: run (!pip install gdown) and (!pip install --upgrade gdown)\n",
    "\n",
    "2) Run the following script to download files:\n",
    "'''\n",
    "\n",
    "# EE.png\n",
    "!gdown 12ONag930wZvpmkVQ0JV35qDVFjm9bq4J\n",
    "\n",
    "# EE_noisy.png\n",
    "!gdown 1FH8SYf_IaOWX0fu_buFIfwshrnUUC6CW\n",
    "\n",
    "# random_dictionary_64_121.npy\n",
    "!gdown 195AygBnFlzdBO5ikyc3lkCrxdKK8sSf3"
   ]
  },
  {
   "cell_type": "code",
   "execution_count": null,
   "metadata": {},
   "outputs": [],
   "source": [
    "image_clean = imageio.imread('EE.png')[:, :].astype('float32')\n",
    "image_noisy = imageio.imread('EE_noisy.png')[:, :].astype('float32')\n",
    "\n",
    "plt.figure(figsize=(10,5))\n",
    "plt.subplot(1, 2, 1)\n",
    "plt.title('clean image')\n",
    "plt.imshow(image_clean, cmap='gray')\n",
    "plt.subplot(1, 2, 2)\n",
    "plt.title('noisy image')\n",
    "plt.imshow(image_noisy, cmap='gray')\n",
    "plt.show()"
   ]
  },
  {
   "cell_type": "markdown",
   "metadata": {},
   "source": [
    "<div dir=\"rtl\"> <font size=\"4\" face=\"HM XNiloofar\">\n",
    "در این بخش از تمرین با استفاده از یادگیری واژه‌نامه، سیستمی به منظور نویززدایی تصاویر مقیاس خاکستری توسعه خواهید داد [1]. \n",
    "</font> </div>\n",
    "\n",
    "[1] Elad, M. and Aharon, M., 2006. Image denoising via sparse and redundant representations over learned dictionaries. IEEE Transactions on Image processing, 15(12), pp.3736-3745.\n",
    "\n",
    "<div dir=\"rtl\"> <font size=\"4\" face=\"HM XNiloofar\">\n",
    "    <br />\n",
